declare: Set(P0, P12)
#intconstraints:
P12 != 0 & P0 + -10 >= 0 & (((((R3 + -1 * (10 + (P0 + -10))) = 0) & ((P0 + -1 * R3) >= 0)) | (((R3 + -1 * P0) = 0) & ((((10 + (P0 + -10)) + -1 * P12) + -1) >= 0))) & ((R2 + -1 * 10) = 0)) & ((R1 + -1 * P0) = 0) & ((R0 + -1 * P12) = 0) & (((R0 + -1 * R0) = 0) & (((R0 + -1 * R0) = 0) & TRUE)) & TRUE
$
#automata:
#states: 11
#init: 0
#final: 10,
#transitons: 
3;4;103;103;List()
2;3;110;110;List()
4;5;111;111;List()
0;1;109;109;List()
8;9;47;47;List()
1;2;111;111;List()
9;10;47;47;List()
5;6;100;100;List()
10;10;0;127;List()
6;7;98;98;List()
7;8;58;58;List()
#register: 
#end
#automata:
#states: 1
#init: 0
#final: 0,
#transitons: 
0;0;0;127;List(1)
#register: R1;
#end
#automata:
#states: 11
#init: 0
#final: 10,9,7,2,8,
#transitons: 
9;10;99;99;List(0, 1, 1)
3;4;115;115;List(0, 1, 1)
4;1;112;127;List(0, 1, 1)
5;2;44;44;List(0, 1, 1)
2;2;0;45;List(0, 1, 1)
7;2;65;114;List(0, 1, 1)
7;2;48;62;List(0, 1, 1)
10;2;65;106;List(0, 1, 1)
10;7;46;46;List(0, 1, 1)
9;2;65;98;List(0, 1, 1)
7;7;46;46;List(0, 1, 1)
1;2;44;44;List(0, 1, 1)
6;1;48;62;List(0, 1, 1)
2;2;0;127;List(0, 0, 0)
5;1;65;98;List(0, 1, 1)
7;2;116;127;List(0, 1, 1)
1;1;45;45;List(0, 1, 1)
8;7;46;46;List(0, 1, 1)
10;10;0;127;List(0, 0, 0)
5;3;46;46;List(0, 1, 1)
8;9;111;111;List(0, 1, 1)
4;1;45;45;List(0, 1, 1)
1;1;0;43;List(0, 1, 1)
8;2;112;127;List(0, 1, 1)
5;1;48;62;List(0, 1, 1)
3;1;45;45;List(0, 1, 1)
0;1;48;62;List(0, 1, 1)
6;3;46;46;List(0, 1, 1)
6;1;65;106;List(0, 1, 1)
0;3;46;46;List(0, 1, 1)
9;2;48;62;List(0, 1, 1)
2;2;48;62;List(0, 1, 1)
4;2;44;44;List(0, 1, 1)
4;1;0;43;List(0, 1, 1)
1;3;46;46;List(0, 1, 1)
0;1;45;45;List(0, 1, 1)
2;2;65;127;List(0, 1, 1)
0;1;65;127;List(0, 1, 1)
1;1;48;62;List(0, 1, 1)
8;2;0;45;List(0, 1, 1)
5;1;0;43;List(0, 1, 1)
7;2;0;45;List(0, 1, 1)
7;7;0;127;List(0, 0, 0)
3;1;0;43;List(0, 1, 1)
5;6;99;99;List(0, 1, 1)
8;2;65;110;List(0, 1, 1)
6;1;45;45;List(0, 1, 1)
8;2;48;62;List(0, 1, 1)
0;1;0;43;List(0, 1, 1)
0;2;44;44;List(0, 1, 1)
4;1;48;62;List(0, 1, 1)
3;1;65;114;List(0, 1, 1)
9;2;0;45;List(0, 1, 1)
3;1;116;127;List(0, 1, 1)
6;2;44;44;List(0, 1, 1)
10;2;48;62;List(0, 1, 1)
8;8;0;127;List(0, 0, 0)
3;1;48;62;List(0, 1, 1)
9;7;46;46;List(0, 1, 1)
1;1;65;127;List(0, 1, 1)
7;8;115;115;List(0, 1, 1)
10;2;0;45;List(0, 1, 1)
6;1;0;43;List(0, 1, 1)
9;2;100;127;List(0, 1, 1)
5;1;45;45;List(0, 1, 1)
6;1;108;127;List(0, 1, 1)
4;1;65;110;List(0, 1, 1)
9;9;0;127;List(0, 0, 0)
2;7;46;46;List(0, 1, 1)
0;0;0;127;List(1, 1, 0)
4;3;46;46;List(0, 1, 1)
5;1;100;127;List(0, 1, 1)
4;5;111;111;List(0, 1, 1)
10;2;108;127;List(0, 1, 1)
3;2;44;44;List(0, 1, 1)
3;3;46;46;List(0, 1, 1)
#register: R2;R3;R0;
#end
$
