declare: Set(P12, P0)
#intconstraints:
P12 != 0 & P0 + -10 >= 0 & ((P0 + -10) >= 0) & (((((R3 + -1 * (10 + (P0 + -10))) = 0) & ((P0 + -1 * R3) >= 0)) | (((R3 + -1 * P0) = 0) & ((((10 + (P0 + -10)) + -1 * P12) + -1) >= 0))) & ((R2 + -1 * 10) = 0)) & (((-1 >= 0) | (5 = 0)) | (-1 * P12 >= 0)) & ((R1 + -1 * P0) = 0) & ((R0 + -1 * P12) = 0) & (((R0 + -1 * R0) = 0) & (((R0 + -1 * R0) = 0) & TRUE)) & TRUE
$
#automata:
#states: 11
#init: 0
#final: 10,
#transitons: 
10;10;0;127;List()
3;4;103;103;List()
1;2;111;111;List()
8;9;47;47;List()
7;8;58;58;List()
4;5;111;111;List()
6;7;98;98;List()
0;1;109;109;List()
5;6;100;100;List()
9;10;47;47;List()
2;3;110;110;List()
#register: 
#end
#automata:
#states: 1
#init: 0
#final: 0,
#transitons: 
0;0;0;127;List(1)
#register: R1;
#end
#automata:
#states: 14
#init: 0
#final: 8,9,
#transitons: 
0;1;65;127;List(0, 1, 1)
1;1;65;127;List(0, 1, 1)
2;1;38;42;List(0, 1, 1)
11;1;38;42;List(0, 1, 1)
11;1;100;127;List(0, 1, 1)
12;1;48;62;List(0, 1, 1)
8;9;63;63;List(0, 0, 0)
0;1;0;36;List(0, 1, 1)
6;3;64;98;List(0, 1, 1)
7;8;107;107;List(0, 1, 1)
8;8;64;127;List(0, 1, 1)
10;2;46;46;List(0, 1, 1)
10;11;111;111;List(0, 1, 1)
8;9;47;47;List(0, 0, 0)
0;0;0;127;List(1, 1, 0)
1;1;0;36;List(0, 1, 1)
13;13;0;36;List(0, 1, 1)
5;3;64;110;List(0, 1, 1)
2;1;65;114;List(0, 1, 1)
0;2;46;46;List(0, 1, 1)
11;1;65;98;List(0, 1, 1)
8;9;45;45;List(0, 0, 0)
5;3;0;36;List(0, 1, 1)
6;4;46;46;List(0, 1, 1)
10;1;112;127;List(0, 1, 1)
13;13;48;62;List(0, 1, 1)
2;1;44;45;List(0, 1, 1)
7;3;38;42;List(0, 1, 1)
5;3;48;62;List(0, 1, 1)
6;3;48;62;List(0, 1, 1)
7;4;46;46;List(0, 1, 1)
10;1;0;36;List(0, 1, 1)
6;3;38;42;List(0, 1, 1)
4;3;48;62;List(0, 1, 1)
8;9;37;37;List(0, 0, 0)
8;8;38;42;List(0, 1, 1)
4;5;115;115;List(0, 1, 1)
11;1;0;36;List(0, 1, 1)
10;1;65;110;List(0, 1, 1)
5;6;111;111;List(0, 1, 1)
4;3;38;42;List(0, 1, 1)
3;3;0;36;List(0, 1, 1)
5;4;46;46;List(0, 1, 1)
8;9;65;65534;List(0, 0, 0)
12;2;46;46;List(0, 1, 1)
6;3;100;127;List(0, 1, 1)
7;3;48;62;List(0, 1, 1)
3;3;48;62;List(0, 1, 1)
8;9;39;41;List(0, 0, 0)
6;3;0;36;List(0, 1, 1)
1;1;44;45;List(0, 1, 1)
4;4;46;46;List(0, 1, 1)
2;10;115;115;List(0, 1, 1)
12;1;0;36;List(0, 1, 1)
12;13;107;107;List(0, 1, 1)
8;9;1;35;List(0, 0, 0)
3;4;46;46;List(0, 1, 1)
2;1;48;62;List(0, 1, 1)
13;13;38;42;List(0, 1, 1)
3;3;64;127;List(0, 1, 1)
8;8;0;36;List(0, 1, 1)
13;13;44;46;List(0, 1, 1)
4;3;64;114;List(0, 1, 1)
0;1;48;62;List(0, 1, 1)
10;1;44;45;List(0, 1, 1)
7;3;64;106;List(0, 1, 1)
1;1;48;62;List(0, 1, 1)
1;1;38;42;List(0, 1, 1)
0;1;38;42;List(0, 1, 1)
7;3;0;36;List(0, 1, 1)
8;9;49;61;List(0, 0, 0)
9;9;0;127;List(0, 0, 0)
2;2;46;46;List(0, 1, 1)
11;1;48;62;List(0, 1, 1)
12;1;108;127;List(0, 1, 1)
5;3;38;42;List(0, 1, 1)
7;3;108;127;List(0, 1, 1)
2;3;64;64;List(0, 1, 1)
2;1;116;127;List(0, 1, 1)
3;3;38;42;List(0, 1, 1)
5;3;44;45;List(0, 1, 1)
13;13;65;127;List(0, 1, 1)
3;3;44;45;List(0, 1, 1)
4;3;0;36;List(0, 1, 1)
10;1;38;42;List(0, 1, 1)
0;3;64;64;List(0, 1, 1)
2;1;0;36;List(0, 1, 1)
12;1;38;42;List(0, 1, 1)
8;8;48;62;List(0, 1, 1)
11;3;64;64;List(0, 1, 1)
0;1;44;45;List(0, 1, 1)
10;1;48;62;List(0, 1, 1)
10;3;64;64;List(0, 1, 1)
12;3;64;64;List(0, 1, 1)
4;3;116;127;List(0, 1, 1)
1;2;46;46;List(0, 1, 1)
8;8;44;46;List(0, 1, 1)
13;8;64;64;List(0, 1, 1)
8;9;43;43;List(0, 0, 0)
1;3;64;64;List(0, 1, 1)
12;1;44;45;List(0, 1, 1)
12;1;65;106;List(0, 1, 1)
7;3;44;45;List(0, 1, 1)
6;3;44;45;List(0, 1, 1)
4;3;44;45;List(0, 1, 1)
11;12;99;99;List(0, 1, 1)
5;3;112;127;List(0, 1, 1)
11;1;44;45;List(0, 1, 1)
6;7;99;99;List(0, 1, 1)
11;2;46;46;List(0, 1, 1)
#register: R2;R3;R0;
#end
$
