declare: Set(P12, P0, T0)
#intconstraints:
P12 != 0 & P0 + -10 >= 0 & ((P0 + -10) >= 0) & (((((R7 + -1 * (10 + (P0 + -10))) = 0) & ((P0 + -1 * R7) >= 0)) | (((R7 + -1 * P0) = 0) & ((((10 + (P0 + -10)) + -1 * P12) + -1) >= 0))) & ((R6 + -1 * 10) = 0)) & ((P0 + -10) >= 0) & (((((R5 + -1 * (10 + (P0 + -10))) = 0) & ((P0 + -1 * R5) >= 0)) | (((R5 + -1 * P0) = 0) & ((((10 + (P0 + -10)) + -1 * P12) + -1) >= 0))) & ((R4 + -1 * 10) = 0)) & (-1 * 0 >= 0) & ((((R3 = 0) & ((P12 + -1 * R3) >= 0)) | (((R3 + -1 * P12) = 0) & ((-1 * T0 + -1) >= 0))) | (((-1 * 0 = 0) | (P12 = 0)) & (T0 = 0))) & ((R2 + -1 * T0) = 0) & ((R1 + -1 * P0) = 0) & ((R0 + -1 * P12) = 0) & (((R0 + -1 * R0) = 0) & (((R2 + -1 * R2) = 0) & (((R0 + -1 * R0) = 0) & (((R2 + -1 * R2) = 0) & TRUE)))) & TRUE
$
#automata:
#states: 11
#init: 0
#final: 10,
#transitons: 
8;9;47;47;List()
6;7;98;98;List()
4;5;111;111;List()
10;10;0;127;List()
7;8;58;58;List()
3;4;103;103;List()
2;3;110;110;List()
9;10;47;47;List()
0;1;109;109;List()
5;6;100;100;List()
1;2;111;111;List()
#register: 
#end
#automata:
#states: 1
#init: 0
#final: 0,
#transitons: 
0;0;0;127;List(1)
#register: R1;
#end
#automata:
#states: 5
#init: 0
#final: 2,3,4,
#transitons: 
0;2;64;64;List(0, 1, 1, 1)
1;1;0;63;List(0, 1, 1, 1)
0;0;0;127;List(1, 1, 0, 0)
1;2;64;64;List(0, 1, 1, 1)
2;2;0;127;List(0, 1, 1, 1)
2;4;2;65533;List(0, 0, 0, 0)
1;1;65;127;List(0, 1, 1, 1)
2;3;1;65534;List(0, 1, 0, 0)
0;1;65;127;List(0, 1, 1, 1)
0;1;0;63;List(0, 1, 1, 1)
3;3;0;127;List(0, 1, 0, 0)
3;4;1;65534;List(0, 0, 0, 0)
4;4;0;127;List(0, 0, 0, 0)
#register: R4;R5;R3;R2;
#end
#automata:
#states: 12
#init: 0
#final: 3,6,5,4,8,7,
#transitons: 
7;4;49;61;List(0, 0, 0)
5;4;65;113;List(0, 0, 0)
10;1;0;45;List(0, 1, 1)
8;4;49;61;List(0, 0, 0)
7;4;63;63;List(0, 0, 0)
11;2;46;46;List(0, 1, 1)
8;5;46;46;List(0, 1, 1)
7;3;100;127;List(0, 1, 1)
7;3;64;98;List(0, 1, 1)
4;4;0;127;List(0, 0, 0)
9;1;112;127;List(0, 1, 1)
10;1;48;62;List(0, 1, 1)
2;1;65;114;List(0, 1, 1)
11;1;108;127;List(0, 1, 1)
6;4;1;44;List(0, 0, 0)
8;4;107;107;List(0, 0, 0)
5;3;64;114;List(0, 1, 1)
9;1;0;45;List(0, 1, 1)
2;3;64;64;List(0, 1, 1)
1;1;0;45;List(0, 1, 1)
5;3;0;45;List(0, 1, 1)
7;4;47;47;List(0, 0, 0)
3;4;65;65534;List(0, 0, 0)
1;2;46;46;List(0, 1, 1)
5;4;1;44;List(0, 0, 0)
6;3;0;45;List(0, 1, 1)
8;4;1;44;List(0, 0, 0)
8;3;0;45;List(0, 1, 1)
6;4;63;63;List(0, 0, 0)
6;3;48;62;List(0, 1, 1)
11;3;64;64;List(0, 1, 1)
7;4;101;65534;List(0, 0, 0)
10;1;65;98;List(0, 1, 1)
11;1;0;45;List(0, 1, 1)
7;4;65;97;List(0, 0, 0)
3;3;48;62;List(0, 1, 1)
5;3;116;127;List(0, 1, 1)
11;1;48;62;List(0, 1, 1)
0;2;46;46;List(0, 1, 1)
3;3;0;45;List(0, 1, 1)
5;4;49;61;List(0, 0, 0)
5;3;48;62;List(0, 1, 1)
8;3;64;106;List(0, 1, 1)
6;4;113;65534;List(0, 0, 0)
6;3;112;127;List(0, 1, 1)
6;4;65;109;List(0, 0, 0)
0;1;65;127;List(0, 1, 1)
0;3;64;64;List(0, 1, 1)
10;2;46;46;List(0, 1, 1)
1;3;64;64;List(0, 1, 1)
7;3;48;62;List(0, 1, 1)
2;1;48;62;List(0, 1, 1)
7;8;99;99;List(0, 1, 1)
6;7;111;111;List(0, 1, 1)
2;1;0;45;List(0, 1, 1)
9;1;65;110;List(0, 1, 1)
3;4;47;47;List(0, 0, 0)
2;9;115;115;List(0, 1, 1)
10;1;100;127;List(0, 1, 1)
8;4;63;63;List(0, 0, 0)
6;5;46;46;List(0, 1, 1)
8;4;109;65534;List(0, 0, 0)
7;3;0;45;List(0, 1, 1)
5;4;63;63;List(0, 0, 0)
3;3;64;127;List(0, 1, 1)
2;2;46;46;List(0, 1, 1)
10;3;64;64;List(0, 1, 1)
8;3;48;62;List(0, 1, 1)
8;4;47;47;List(0, 0, 0)
0;1;0;45;List(0, 1, 1)
0;1;48;62;List(0, 1, 1)
5;6;115;115;List(0, 1, 1)
11;1;65;106;List(0, 1, 1)
2;1;116;127;List(0, 1, 1)
9;1;48;62;List(0, 1, 1)
3;4;63;63;List(0, 0, 0)
3;4;1;44;List(0, 0, 0)
6;4;47;47;List(0, 0, 0)
3;4;49;61;List(0, 0, 0)
8;3;108;127;List(0, 1, 1)
6;4;49;61;List(0, 0, 0)
7;4;1;44;List(0, 0, 0)
1;1;65;127;List(0, 1, 1)
9;3;64;64;List(0, 1, 1)
5;4;117;65534;List(0, 0, 0)
3;5;46;46;List(0, 1, 1)
0;0;0;127;List(1, 1, 0)
9;10;111;111;List(0, 1, 1)
5;4;47;47;List(0, 0, 0)
8;4;65;105;List(0, 0, 0)
9;2;46;46;List(0, 1, 1)
1;1;48;62;List(0, 1, 1)
10;11;99;99;List(0, 1, 1)
6;3;64;110;List(0, 1, 1)
5;5;46;46;List(0, 1, 1)
7;5;46;46;List(0, 1, 1)
#register: R6;R7;R0;
#end
$
