declare: Set(R1, P22, R0, P12, R4, P0, R3)
#intconstraints:
P22 != 0 & P12 != 0 & P0 + -10 >= 0 & (((((R6 + -1 * (10 + (P0 + -10))) = 0) & ((P0 + -1 * R6) >= 0)) | (((R6 + -1 * P0) = 0) & ((((10 + (P0 + -10)) + -1 * P0) + -1) >= 0))) & ((R5 + -1 * 10) = 0)) & (((((R4 = 0) & ((P12 + -1 * R4) >= 0)) | (((R4 + -1 * P12) = 0) & ((-1 * P12 + -1) >= 0))) & (R3 = 0)) | ((((-1 >= 0) | (-1 * 0 >= 0)) | (-1 * P12 >= 0)) & (P22 = 0))) & ((R2 + -1 * P0) = 0) & ((R1 + -1 * P12) = 0) & ((R0 + -1 * P22) = 0) & TRUE
$
#automata:
#states: 11
#init: 0
#final: 10,
#transitons: 
6;7;98;98;List()
4;5;111;111;List()
0;1;109;109;List()
5;6;100;100;List()
1;2;111;111;List()
3;4;103;103;List()
8;9;47;47;List()
7;8;58;58;List()
9;10;47;47;List()
10;10;0;127;List()
2;3;110;110;List()
#register: 
#end
#automata:
#states: 1
#init: 0
#final: 0,
#transitons: 
0;0;0;127;List(1)
#register: R2;
#end
#automata:
#states: 11
#init: 0
#final: 3,5,6,4,7,
#transitons: 
8;1;65;110;List(0, 1)
7;3;0;45;List(0, 1)
9;1;48;62;List(0, 1)
7;7;0;127;List(0, 0)
0;1;48;62;List(0, 1)
8;1;48;62;List(0, 1)
9;1;100;127;List(0, 1)
7;3;48;62;List(0, 1)
8;2;46;46;List(0, 1)
8;3;64;64;List(0, 1)
6;7;99;99;List(0, 1)
5;3;0;45;List(0, 1)
1;1;0;45;List(0, 1)
10;1;48;62;List(0, 1)
2;1;48;62;List(0, 1)
4;3;48;62;List(0, 1)
0;3;64;64;List(0, 1)
7;3;64;106;List(0, 1)
4;3;0;45;List(0, 1)
2;8;115;115;List(0, 1)
6;4;46;46;List(0, 1)
8;1;0;45;List(0, 1)
5;5;0;127;List(0, 0)
9;10;99;99;List(0, 1)
9;3;64;64;List(0, 1)
4;5;115;115;List(0, 1)
5;3;48;62;List(0, 1)
3;3;0;127;List(0, 0)
4;4;46;46;List(0, 1)
10;3;64;64;List(0, 1)
0;2;46;46;List(0, 1)
1;2;46;46;List(0, 1)
2;1;0;45;List(0, 1)
10;1;0;45;List(0, 1)
3;3;64;127;List(0, 1)
6;6;0;127;List(0, 0)
8;1;112;127;List(0, 1)
4;4;0;127;List(0, 0)
5;6;111;111;List(0, 1)
6;3;48;62;List(0, 1)
7;4;46;46;List(0, 1)
10;1;108;127;List(0, 1)
9;1;65;98;List(0, 1)
6;3;0;45;List(0, 1)
6;3;100;127;List(0, 1)
10;1;65;106;List(0, 1)
9;1;0;45;List(0, 1)
2;1;65;114;List(0, 1)
8;9;111;111;List(0, 1)
7;3;108;127;List(0, 1)
0;0;0;127;List(1, 1)
1;1;65;127;List(0, 1)
5;3;64;110;List(0, 1)
5;3;112;127;List(0, 1)
10;2;46;46;List(0, 1)
4;3;116;127;List(0, 1)
6;3;64;98;List(0, 1)
2;3;64;64;List(0, 1)
2;1;116;127;List(0, 1)
0;1;0;45;List(0, 1)
3;3;0;45;List(0, 1)
9;2;46;46;List(0, 1)
0;1;65;127;List(0, 1)
1;1;48;62;List(0, 1)
1;3;64;64;List(0, 1)
5;4;46;46;List(0, 1)
3;3;48;62;List(0, 1)
3;4;46;46;List(0, 1)
4;3;64;114;List(0, 1)
2;2;46;46;List(0, 1)
#register: R5;R6;
#end
$
